4
1 0  0 0 0.704984 0.704984
14 1  -0.0695676 -0.338781 0.453645 1.09784
8 1  -0.0418961 0.162446 0.0366505 0.220926
9 -1  0.111464 0.176335 0.214688 0.330045
4
1 0  0 0 1.1071 1.1071
14 1  0.0687293 -0.223253 0.265828 1.00253
8 1  -0.116177 0.233659 0.13575 0.325335
9 -1  0.0474475 -0.010406 0.705519 0.72072
4
1 0  0 0 0.937411 0.937411
14 1  0.411381 0.186599 0.465426 1.1404
8 1  -0.111069 0.0170708 0.148339 0.232279
9 -1  -0.300311 -0.20367 0.323646 0.505703
4
1 0  0 0 0.704984 0.704984
14 1  -0.189544 -0.233773 0.669658 1.19116
8 1  0.159677 0.130948 -0.0744121 0.259812
9 -1  0.0298673 0.102825 0.109738 0.20695
4
1 0  0 0 0.589553 0.589553
14 1  -0.0710405 -0.154315 0.27663 0.992587
8 1  0.147637 0.156263 0.130484 0.287336
9 -1  -0.0765969 -0.00194804 0.182438 0.241817
